kinematics:
  shoulder:
    x: 0
    y: 0
    z: 0.1518189064941222
    roll: -0
    pitch: 0
    yaw: 1.807093954106845e-05
  upper_arm:
    x: 2.63063186725786e-05
    y: 0
    z: 0
    roll: 1.571530476169622
    pitch: 0
    yaw: 1.173269226652047e-05
  forearm:
    x: -0.2436349109662564
    y: 0
    z: 0
    roll: 3.141227155168897
    pitch: -3.139211621016023
    yaw: -3.141540248345529
  wrist_1:
    x: -0.2133065829052138
    y: 0.0002617600424832621
    z: 0.1117206128922803
    roll: 3.13924966999238
    pitch: 3.140301901882935
    yaw: 3.141585615400431
  wrist_2:
    x: -2.272574922944733e-05
    y: -0.08535446137866047
    z: -6.061584068750956e-05
    roll: 1.571506492725513
    pitch: 0
    yaw: -1.932299672198837e-05
  wrist_3:
    x: -2.07771620858082e-06
    y: 0.08236586947743187
    z: -7.026063343049575e-05
    roll: 1.569943296081638
    pitch: 3.141592653589793
    yaw: 3.141578545949844
  hash: calib_6042615428721141735